Time: 0, 3.489095e-06 
Check: 0: H 5.652556 5.423025 6.144955 
Time: 1, 3.521005e-06 
Check: 1: H 5.652556 5.423025 6.144955 
