Sent data from process of rank 0
Received data from process of rank 1
Time: 1, 3.864617e-06 
Check: 1: H 5.652556 5.423025 6.144955 
Time: 0, 3.875505e-06 
Check: 0: H 5.652556 5.423025 6.144955 
