Sent data from process of rank 0
Received data from process of rank 1
Time: 0, 4.911928e-07 
Check: 0: H 5.652556 5.423025 6.144955 
Time: 1, 5.140470e-07 
Check: 1: ÿ 0.000000 -1.600062 0.000000 
